2 5 7 14 23
24 25 32 35 37
44 45 46 48 51
74 84 92 97 100
121 127 174 186 230
231 235 236 238 252
260 263 264 278 284
286 294 298 300 316
319 320 321 339 343
346 347 353 354 355
363 373 374 379 380
381 385 386 399 414
435 436 437 438 439
460 462 469 470 471
475 484 485 486 488
491 493 494 501 508
509 522 524 527 530
533 534 535 536 540
542 543 554 555 560
567 568 571 577 585
587 595 596 599 601
606 614 615 623 625
633 635 639 646 647
657 665 666 682 710
714 716 725 726 736
740 745 747 748 751
772 783 808 810 826
831 853 857 